Testcase: tsp_graph/ch130.tsp
Time taken: 9359 milliseconds
Total distance: 6205.06
Best tour found:
22
46
39
36
21
32
20
17
107
7
125
113
2
82
29
58
120
77
89
124
84
65
27
114
116
111
61
104
127
15
44
75
4
10
108
60
128
123
63
68
85
87
25
6
96
69
62
67
47
24
97
109
112
31
35
83
118
110
122
100
81
56
8
55
64
51
74
73
98
72
91
37
105
3
34
53
16
33
30
26
18
99
14
28
23
115
94
78
11
86
80
102
76
93
88
42
103
106
126
0
40
38
70
129
49
1
117
79
45
19
92
43
41
50
59
119
52
57
48
71
90
5
101
9
13
66
12
95
54
121
