Testcase: tsp_graph/ch130.tsp
Time taken: 1388 milliseconds
Total distance: 6233.08
Best tour found:
109
88
93
76
102
80
86
11
78
94
115
23
28
14
99
30
16
33
26
18
42
103
126
106
69
96
6
25
87
85
68
63
123
128
60
108
75
10
4
44
15
127
104
61
27
114
111
116
38
70
40
0
129
49
1
117
19
79
45
17
107
7
125
113
2
82
29
58
89
124
84
65
77
120
12
66
95
13
9
101
5
90
71
48
57
52
119
59
50
54
121
22
46
39
36
21
32
20
92
43
41
3
34
53
105
37
91
72
98
73
74
51
64
55
8
56
81
100
122
110
118
83
35
31
112
24
47
62
67
97
