Testcase: tsp_graph/a280.tsp
Time taken: 2287 milliseconds
Total distance: 2649.4
Best tour found:
134
133
269
15
270
271
272
273
274
275
276
3
4
5
6
8
7
9
10
11
14
12
13
23
22
24
21
25
26
27
28
125
126
127
20
19
18
17
16
132
131
130
129
128
153
154
152
155
151
150
177
176
175
174
159
158
157
156
118
119
120
121
122
123
124
29
30
31
32
33
34
35
36
37
38
39
40
41
42
59
60
61
117
116
114
115
85
86
83
84
64
65
63
62
58
43
44
45
46
47
48
49
50
51
52
53
54
55
56
57
67
68
66
69
70
71
72
73
74
76
77
78
79
80
88
81
75
82
87
111
112
113
110
109
107
108
89
90
92
93
94
95
96
97
98
91
100
99
167
166
165
171
170
169
168
101
102
103
104
105
106
172
173
160
161
162
163
164
187
188
189
185
186
184
183
182
181
180
179
178
149
148
147
140
141
146
145
142
143
144
198
197
196
192
190
191
193
194
195
200
199
201
202
203
204
205
206
209
210
211
212
213
214
215
216
217
218
219
220
221
222
223
224
225
226
227
228
229
250
249
246
243
244
245
230
231
232
233
234
235
236
237
238
239
240
242
241
1
0
279
2
278
277
247
248
255
254
251
208
207
252
253
256
257
258
259
260
261
262
263
264
265
139
138
137
136
266
267
268
135
