Testcase: tsp_graph/ch130.tsp
Time taken: 104564 milliseconds
Total distance: 6345.73
Best tour found:
117
1
49
129
0
40
70
38
116
17
20
32
21
36
39
46
22
121
54
5
101
9
13
95
66
12
77
120
125
7
107
113
2
82
29
58
89
124
84
65
27
114
61
111
104
127
15
44
4
10
75
108
60
128
123
63
68
85
87
25
6
96
69
62
106
126
103
42
18
26
99
30
33
16
53
34
3
105
37
78
94
115
23
14
28
93
88
109
97
67
47
24
112
31
35
83
118
76
102
80
86
11
64
55
110
122
100
81
56
8
51
74
73
98
72
91
90
71
48
57
52
119
59
50
41
43
92
19
45
79
