Testcase: tsp_graph/a280.tsp
Time taken: 23705 milliseconds
Total distance: 2690.18
Best tour found:
56
43
44
40
41
42
59
60
61
117
116
114
115
85
84
64
65
63
62
58
57
67
68
66
69
70
71
72
73
74
75
76
77
94
95
96
93
97
92
79
78
80
81
87
82
83
86
112
113
110
111
109
108
88
89
90
91
98
99
100
101
102
103
107
104
105
106
173
172
170
171
169
168
167
166
165
164
163
162
161
160
174
159
158
157
156
118
119
120
121
122
123
124
125
126
127
20
19
18
17
16
15
270
271
272
273
274
275
276
278
277
247
248
255
256
257
258
259
260
261
262
263
264
265
139
137
136
266
267
135
268
269
134
133
132
131
130
129
128
153
154
152
155
151
150
176
177
149
178
179
175
180
181
182
183
184
185
186
187
188
189
190
191
192
198
144
145
146
148
138
147
140
141
142
143
199
197
196
193
194
195
200
201
202
203
204
205
207
252
253
254
251
208
209
206
211
212
210
213
215
216
214
217
219
220
221
218
222
223
224
225
226
227
228
229
250
249
246
244
245
230
231
232
233
234
235
236
237
238
239
240
243
242
241
1
0
279
2
3
4
5
6
7
8
9
10
11
14
12
13
23
22
24
21
25
26
27
28
29
30
31
32
33
34
35
36
37
38
39
48
49
50
51
52
47
46
53
54
45
55
