Testcase: tsp_graph/a280.tsp
Time taken: 36908 milliseconds
Total distance: 2656.55
Best tour found:
197
196
195
194
193
192
191
190
189
188
187
186
185
184
183
182
181
180
179
178
175
176
177
150
151
155
152
154
153
128
129
130
19
20
127
126
125
124
123
122
121
120
119
118
156
157
158
159
174
160
161
162
163
164
165
166
167
169
170
171
172
173
106
105
104
103
102
101
168
100
99
98
97
92
93
96
95
94
77
76
74
73
72
71
70
69
68
67
66
65
64
85
84
83
82
75
81
80
78
79
91
90
89
88
108
107
109
110
111
87
86
112
113
114
115
116
117
60
61
62
63
58
57
56
55
54
53
52
51
50
49
48
47
46
45
44
43
59
42
41
40
39
38
37
36
35
34
33
32
31
30
29
28
27
26
25
21
24
22
23
13
12
14
11
10
9
7
8
6
5
4
3
276
275
274
273
272
271
270
15
16
17
18
131
132
133
269
268
134
135
267
266
136
137
265
264
263
262
261
260
259
258
257
256
253
254
255
248
247
277
278
2
279
0
1
241
242
240
239
238
244
243
246
249
250
229
228
230
245
237
236
235
234
233
232
231
227
226
225
224
223
222
221
220
219
218
217
216
215
214
213
212
211
210
209
208
251
252
207
206
205
204
203
202
201
200
199
143
142
141
140
139
138
149
148
147
146
145
144
198
