Testcase: tsp_graph/a280.tsp
Time taken: 76220 milliseconds
Total distance: 2830.32
Best tour found:
11
10
9
7
6
4
5
8
14
12
13
23
22
24
21
25
26
27
28
125
126
127
20
19
18
17
16
15
270
271
272
273
274
275
276
3
277
278
2
279
0
1
241
242
243
240
239
244
246
247
248
249
250
229
230
245
238
237
236
235
234
233
232
231
228
227
226
225
224
223
222
221
220
219
218
217
216
214
213
210
209
206
211
212
215
204
205
207
208
251
252
253
254
255
256
257
258
259
260
261
262
263
264
265
137
138
139
140
147
146
141
142
145
144
198
199
143
203
202
201
200
195
194
193
196
197
192
191
190
189
188
187
164
163
173
172
169
170
171
165
166
167
168
100
99
98
97
92
93
96
95
94
78
77
76
74
75
73
72
71
70
69
68
67
66
65
64
63
62
85
84
83
86
112
111
108
88
87
82
81
80
79
89
90
91
101
102
103
104
105
106
107
109
110
113
114
115
116
117
61
60
59
42
41
43
58
57
56
55
44
45
54
53
46
47
52
51
50
49
48
37
36
35
34
38
39
40
33
32
31
30
29
124
123
122
121
120
119
118
156
157
158
159
174
160
161
162
186
185
184
183
182
181
180
175
176
179
178
148
149
177
150
151
155
152
154
153
128
129
130
131
132
133
134
135
136
266
267
268
269
