Testcase: tsp_graph/a280.tsp
Time taken: 66874 milliseconds
Total distance: 2805.73
Best tour found:
256
253
254
255
248
247
277
278
2
279
0
1
241
242
243
240
239
238
237
236
235
234
233
232
231
230
245
244
246
249
250
229
228
227
226
225
224
223
222
217
218
221
220
219
216
215
214
213
212
210
209
208
251
252
207
206
211
205
204
203
202
201
199
200
195
194
193
196
197
198
144
143
142
145
141
140
139
147
146
148
138
137
265
264
263
262
266
136
135
267
268
134
133
269
16
17
18
132
131
130
19
20
129
128
127
126
125
124
123
153
154
152
155
151
150
176
177
149
178
179
175
180
181
182
183
184
185
192
191
190
189
188
187
186
164
163
162
161
160
174
159
158
157
156
118
119
120
121
122
59
42
41
40
39
38
37
48
47
46
45
44
43
58
63
62
61
60
117
116
114
115
85
84
83
86
112
113
110
109
108
88
111
87
82
81
75
78
80
79
89
90
102
103
107
104
105
106
173
172
169
170
171
165
166
167
99
100
168
101
91
98
97
92
93
96
95
94
77
76
74
73
72
71
70
65
64
66
69
68
67
57
56
55
54
53
52
51
50
49
36
35
34
33
32
31
30
29
28
27
26
25
21
24
22
23
13
14
12
11
10
9
8
7
6
5
4
3
276
275
274
273
272
271
270
15
261
260
259
258
257
