Testcase: tsp_graph/a280.tsp
Time taken: 44818 milliseconds
Total distance: 2828.53
Best tour found:
120
119
118
156
157
158
159
174
160
161
173
172
171
170
169
167
166
165
164
163
162
183
182
181
180
179
178
175
176
150
151
177
149
148
138
137
266
136
135
267
268
269
134
133
132
131
130
129
128
153
154
152
155
121
122
123
124
125
126
127
20
19
18
17
16
15
270
271
272
273
274
259
258
260
261
262
263
264
265
139
140
141
147
146
145
142
143
144
198
199
197
196
192
185
184
186
187
188
189
190
191
193
194
195
200
201
202
203
204
205
206
207
252
253
256
257
255
254
251
208
209
210
211
213
212
215
214
217
216
219
220
221
218
222
223
224
225
226
227
228
231
232
233
234
235
236
237
238
245
230
229
250
249
248
247
246
244
239
240
243
242
241
1
0
279
2
278
277
3
276
275
4
5
6
7
8
9
10
11
12
14
13
23
22
24
21
25
26
27
28
29
30
31
32
33
34
39
38
37
35
36
48
49
50
51
52
47
46
53
54
55
56
43
58
57
67
68
63
62
64
65
66
69
70
71
72
73
74
76
77
94
93
95
96
97
92
79
78
75
81
80
88
89
90
91
98
99
100
168
101
102
103
104
105
106
107
108
109
110
111
87
82
86
83
84
85
115
112
113
114
116
117
61
60
59
42
41
44
45
40
