Testcase: tsp_graph/a280.tsp
Time taken: 36552 milliseconds
Total distance: 2859.54
Best tour found:
200
197
195
194
193
196
192
191
190
189
188
187
186
185
184
183
162
163
164
165
166
167
168
169
171
170
172
105
106
173
161
160
174
159
158
157
150
151
155
152
154
153
128
127
126
125
124
123
122
121
120
119
118
156
42
59
60
117
116
115
114
113
112
86
83
82
87
111
110
109
108
107
104
103
102
101
100
99
98
97
96
95
94
93
92
91
90
89
88
81
80
79
78
77
76
74
75
73
72
71
70
69
68
67
66
65
84
85
64
63
62
61
58
57
56
55
44
43
41
40
46
45
54
53
52
47
51
50
49
48
36
35
37
38
39
34
33
32
31
30
29
28
27
26
25
21
24
22
23
18
19
20
129
130
131
132
17
16
15
270
14
13
12
11
10
9
7
6
8
273
272
271
261
262
263
264
265
266
267
268
269
133
134
135
136
137
139
140
141
146
147
138
148
149
177
176
175
180
181
182
179
178
145
144
198
143
142
203
204
205
206
211
212
213
210
209
208
207
252
251
253
254
255
256
257
258
259
260
274
275
5
4
3
276
277
278
2
279
0
1
241
242
243
240
239
244
246
247
248
249
250
229
228
231
230
245
238
237
236
235
234
233
232
227
226
225
224
223
222
218
221
220
219
216
217
214
215
202
201
199
