Testcase: tsp_graph/a280.tsp
Time taken: 45137 milliseconds
Total distance: 2829.35
Best tour found:
254
251
208
209
210
227
226
225
224
223
222
221
220
219
218
217
216
215
214
213
212
211
206
207
205
204
203
202
201
200
195
194
193
196
197
192
191
190
189
188
187
186
185
184
183
182
181
180
179
178
175
176
177
150
151
155
152
154
121
120
119
118
156
157
158
159
174
160
161
162
163
164
165
166
167
170
171
169
168
100
99
98
97
92
93
96
95
94
77
76
74
75
78
79
80
81
82
73
72
71
70
69
68
67
66
65
64
84
83
86
87
111
108
88
89
90
91
101
102
103
104
105
172
173
106
107
109
110
113
112
85
115
114
116
117
61
63
62
60
59
42
41
40
45
44
43
58
57
56
55
54
53
46
52
51
50
49
48
47
39
38
37
36
35
34
33
32
31
30
29
124
123
122
153
128
127
126
125
28
27
26
25
21
24
22
23
13
16
17
18
19
20
129
130
131
132
133
134
135
136
137
138
149
148
147
146
145
144
198
199
143
142
141
140
139
264
265
266
267
268
269
15
270
271
272
260
261
262
263
252
253
255
256
257
258
259
277
276
275
274
273
8
14
12
11
10
9
7
6
5
4
3
278
2
279
0
1
241
242
240
243
244
239
238
237
236
235
234
233
232
231
230
245
228
229
250
249
246
247
248
