Testcase: tsp_graph/a280.tsp
Time taken: 45456 milliseconds
Total distance: 2880.23
Best tour found:
251
229
209
210
213
214
217
216
215
212
211
206
205
204
203
202
201
143
199
200
195
196
197
198
144
145
142
141
146
147
140
139
265
264
263
262
261
260
272
273
274
275
276
3
4
5
6
8
7
9
10
11
12
13
14
271
270
15
16
17
18
23
22
24
21
25
26
27
28
127
126
125
30
31
32
35
36
37
48
49
50
51
52
47
46
53
54
45
44
55
43
56
57
58
61
117
60
59
42
41
40
39
38
34
33
29
124
123
122
121
120
119
118
156
116
115
114
113
112
86
85
84
64
62
63
65
66
67
68
69
70
71
72
73
83
82
75
74
76
77
78
79
80
81
87
111
110
109
107
108
88
89
90
91
92
93
94
95
96
97
98
99
100
101
102
103
104
105
106
173
172
170
171
169
168
167
166
165
164
163
162
161
160
174
159
158
157
175
176
177
150
151
155
152
154
153
128
129
20
19
130
131
132
133
269
268
134
135
267
266
136
137
138
148
149
178
179
180
181
182
183
184
185
186
187
188
189
190
191
192
193
194
220
219
218
221
222
223
224
225
226
227
228
232
233
234
235
236
231
230
237
238
245
250
249
246
243
244
239
240
242
241
1
0
279
2
278
277
247
248
255
259
258
257
256
254
253
252
207
208
