Testcase: tsp_graph/a280.tsp
Time taken: 87540 milliseconds
Total distance: 2866.38
Best tour found:
261
260
258
257
256
253
255
247
248
254
251
252
207
208
209
210
211
206
205
204
203
140
139
138
147
148
149
177
154
152
155
151
150
176
175
178
179
180
181
182
183
184
185
186
187
188
189
190
191
192
196
193
194
195
201
200
197
198
199
143
144
145
146
141
142
202
212
213
214
215
216
217
218
219
220
221
222
223
224
225
226
227
228
229
250
249
246
243
244
245
230
231
232
233
234
235
236
237
238
239
240
242
241
1
0
279
2
278
277
259
272
273
274
275
276
3
4
5
6
8
7
9
10
11
12
13
14
271
270
15
16
17
18
23
22
24
21
25
26
27
28
124
29
30
31
32
33
39
38
34
35
36
37
48
49
50
51
52
47
46
53
54
55
56
68
67
57
58
43
44
45
40
41
42
59
60
61
117
116
114
113
115
85
86
112
111
110
109
108
107
103
102
101
91
90
89
88
81
87
82
83
84
64
62
63
65
66
69
70
71
72
73
75
74
76
77
94
78
80
79
92
93
95
96
97
98
99
100
168
169
171
170
167
166
165
164
163
162
161
172
105
104
106
173
160
174
159
158
157
156
118
119
120
121
122
123
125
126
127
128
153
129
20
19
130
131
132
133
269
268
134
135
267
266
136
137
265
264
263
262
