Testcase: tsp_graph/a280.tsp
Time taken: 5624 milliseconds
Total distance: 2669.88
Best tour found:
134
267
268
269
133
132
17
16
15
270
271
272
273
274
275
276
3
277
278
2
279
1
0
4
5
6
7
8
9
10
11
14
12
13
23
22
24
21
25
26
27
28
125
126
127
20
19
18
131
130
129
128
153
154
152
155
151
150
177
176
175
160
174
159
158
157
156
118
119
120
121
122
123
124
29
30
31
32
33
35
36
37
34
38
39
40
41
42
59
60
117
61
58
43
44
45
46
47
48
49
50
51
52
53
54
55
56
57
62
63
64
65
66
67
68
69
70
71
72
73
74
76
77
75
78
79
80
81
82
87
111
112
86
83
84
85
115
116
114
113
110
109
107
108
88
89
90
91
92
93
94
95
96
97
98
99
100
168
167
166
165
171
170
169
101
102
103
104
106
105
172
173
161
162
163
164
187
188
189
185
186
184
183
182
181
180
179
178
149
148
146
147
138
137
139
140
141
142
143
199
145
144
198
197
196
192
190
191
193
194
195
200
201
202
203
204
205
211
206
207
252
253
254
251
208
209
210
213
212
215
214
217
216
219
220
221
218
222
223
224
225
226
227
228
229
250
249
246
243
244
245
230
231
232
233
234
235
236
237
238
239
240
241
242
247
248
255
256
257
258
259
260
261
262
263
264
265
266
136
135
