Testcase: tsp_graph/a280.tsp
Time taken: 21514 milliseconds
Total distance: 2638.11
Best tour found:
103
102
101
168
100
99
98
97
96
95
94
93
92
91
90
89
79
78
75
77
76
74
73
72
71
70
69
66
68
67
56
55
54
53
52
51
50
49
48
47
46
45
44
43
58
57
63
62
61
85
64
65
84
83
86
87
82
81
80
88
108
107
109
111
110
113
112
115
114
116
117
60
59
42
41
40
39
38
37
36
35
34
33
32
31
30
28
27
26
25
21
24
22
23
13
14
12
11
10
9
7
8
6
5
4
276
275
274
273
272
271
270
15
269
133
134
268
267
135
136
137
138
148
147
146
145
144
198
199
143
142
141
140
139
265
266
264
263
262
261
260
259
258
257
256
253
254
255
248
247
277
278
3
2
279
0
1
241
242
240
239
238
237
236
235
234
233
232
231
230
245
244
243
246
249
250
229
228
227
226
225
224
223
222
221
220
219
218
217
216
215
214
213
212
211
210
209
208
251
252
207
206
205
204
203
202
201
200
195
194
193
196
197
192
191
190
189
188
187
186
185
184
183
182
181
180
179
178
149
177
175
176
150
151
155
152
154
153
128
129
130
131
132
16
17
18
19
20
127
126
125
29
124
123
122
121
120
119
118
156
157
158
159
174
160
161
162
163
164
165
166
167
169
171
170
172
173
106
105
104
