Testcase: tsp_graph/a280.tsp
Time taken: 3123 milliseconds
Total distance: 2640.68
Best tour found:
181
182
183
184
185
186
187
188
189
190
191
192
193
194
195
196
197
198
144
145
146
149
148
138
139
147
140
141
142
143
199
200
201
202
203
204
205
206
209
210
211
212
213
214
215
216
217
218
219
220
221
222
223
224
225
226
227
228
229
250
249
246
243
244
245
230
231
232
233
234
235
236
237
238
239
240
242
241
1
0
279
2
278
277
247
248
255
254
251
208
207
252
253
256
257
258
259
260
261
262
263
264
265
137
136
266
267
135
134
268
269
133
132
131
130
129
128
127
20
19
18
17
16
15
270
271
272
273
274
275
276
3
4
5
6
7
8
9
10
11
12
14
13
23
22
24
21
25
26
27
28
30
31
32
33
34
35
36
37
38
39
40
41
42
59
60
117
116
114
115
85
112
113
110
111
87
82
86
83
84
64
65
63
62
61
58
43
44
45
46
47
48
49
50
51
52
53
54
55
56
57
67
68
66
69
70
71
72
73
75
74
76
77
94
95
96
97
92
93
79
78
80
81
88
89
90
91
98
99
100
101
102
103
108
109
107
104
106
105
172
173
170
171
169
168
167
166
165
164
163
162
161
160
174
159
158
157
156
118
119
120
121
122
123
124
29
125
126
153
154
152
155
151
150
177
176
175
178
179
180
