Testcase: tsp_graph/a280.tsp
Time taken: 3597 milliseconds
Total distance: 2629.9
Best tour found:
174
159
158
157
156
118
119
120
121
122
123
124
125
126
127
20
19
130
129
128
153
154
152
155
151
150
177
176
175
178
179
180
181
182
183
184
185
186
187
188
189
190
191
192
193
194
195
196
197
198
144
143
199
200
201
202
203
204
205
211
206
207
252
253
256
254
251
208
209
210
212
213
214
215
216
217
218
219
220
221
222
223
224
225
226
227
228
229
250
249
246
243
244
245
230
231
232
233
234
235
236
237
238
239
240
242
241
1
0
279
2
278
277
247
248
255
257
258
259
260
261
262
263
264
265
139
140
141
142
145
146
147
148
149
138
137
136
135
266
267
134
268
269
133
132
131
18
17
16
15
270
271
272
273
274
275
276
3
4
5
6
7
8
9
10
11
14
12
13
23
22
24
21
25
26
27
28
29
30
31
32
33
34
35
36
37
38
39
40
41
42
59
60
117
116
114
113
112
115
85
86
83
84
65
64
63
62
61
58
43
44
45
46
47
48
49
50
51
52
53
54
55
56
57
67
68
66
69
70
71
72
73
75
74
76
77
78
79
80
81
82
87
111
110
109
107
108
88
89
90
91
92
93
94
95
96
97
98
99
100
168
101
102
103
104
105
106
172
171
170
169
167
166
165
164
163
162
161
160
173
