Testcase: tsp_graph/a280.tsp
Time taken: 81811 milliseconds
Total distance: 2735.07
Best tour found:
198
143
142
144
145
146
141
140
147
138
148
149
177
176
150
151
155
152
154
153
128
127
126
125
124
123
122
121
120
119
118
156
157
158
159
174
160
161
162
163
164
165
166
167
168
169
170
171
173
172
105
106
104
107
103
102
101
100
99
98
91
90
89
88
108
109
110
111
87
112
113
114
115
85
84
86
83
82
81
80
78
79
92
97
96
93
95
94
77
76
75
74
73
72
71
70
69
68
67
66
65
64
63
62
61
116
117
60
59
42
41
43
58
57
56
55
44
45
54
53
52
51
50
49
48
47
46
40
39
38
37
36
35
34
33
32
31
30
29
28
27
26
25
21
24
22
23
13
12
14
11
10
9
7
6
5
4
276
275
274
8
273
272
271
270
15
16
17
18
19
20
129
130
131
132
133
269
268
134
135
136
137
139
265
264
266
267
263
262
261
260
259
258
257
248
247
277
278
3
2
279
0
1
241
242
240
239
238
245
244
243
246
249
250
229
228
230
237
236
231
232
235
234
233
227
226
225
224
223
222
221
220
219
218
217
216
215
214
213
210
209
208
251
254
255
256
253
252
207
205
206
211
212
204
203
202
201
199
200
195
194
193
191
190
189
188
187
186
185
184
183
182
181
180
175
179
178
192
196
197
