Testcase: tsp_graph/a280.tsp
Time taken: 42996 milliseconds
Total distance: 2769.3
Best tour found:
111
110
109
107
104
106
105
172
171
170
166
165
164
163
162
161
173
160
174
159
158
157
156
118
119
120
121
122
123
124
125
126
127
20
19
18
131
130
129
128
153
154
152
155
134
135
136
137
138
148
149
177
151
150
176
175
178
179
180
181
182
183
184
185
186
187
188
189
190
191
192
193
194
195
196
197
200
201
202
203
204
205
207
251
208
209
210
206
211
212
213
214
215
216
219
220
221
218
217
222
223
224
225
226
233
234
235
232
231
236
237
230
227
228
229
250
249
246
244
245
238
239
240
243
242
241
1
0
279
2
278
277
247
248
255
254
252
253
256
257
258
259
260
261
262
263
264
140
141
142
143
199
198
144
145
146
147
139
265
266
267
268
269
133
132
17
16
15
270
271
272
273
274
275
276
3
4
5
6
7
8
9
10
11
12
14
13
23
22
24
21
25
26
27
28
29
30
31
32
33
34
35
37
36
49
50
51
48
47
52
53
54
55
56
57
58
43
44
45
46
38
39
40
41
42
59
60
117
116
114
113
112
86
83
84
85
115
61
62
63
64
65
66
67
68
69
70
71
72
73
74
76
77
78
75
82
87
81
88
80
79
94
95
96
93
92
97
98
99
167
169
168
100
101
91
90
102
103
89
108
