Testcase: tsp_graph/a280.tsp
Time taken: 14370 milliseconds
Total distance: 2702.06
Best tour found:
149
178
179
175
180
181
182
183
184
185
186
187
188
189
190
191
192
193
194
196
195
200
197
198
199
201
202
203
204
205
252
253
254
251
208
207
206
211
209
210
213
212
214
215
216
217
218
219
220
221
222
223
224
225
226
233
234
232
235
236
237
238
239
244
245
230
231
227
228
229
250
249
246
243
240
242
241
1
0
279
2
278
277
247
248
255
256
257
258
259
260
261
262
263
264
265
139
140
141
142
143
144
145
146
147
148
138
137
136
266
267
135
134
268
133
269
15
270
271
272
273
274
275
276
3
4
5
6
7
8
9
10
11
12
14
13
23
22
24
21
25
26
27
28
125
126
127
20
19
18
17
16
132
131
130
129
128
153
154
152
155
151
156
118
119
120
121
122
123
124
29
30
31
32
33
34
35
37
36
49
50
51
48
47
52
53
46
38
39
40
41
42
59
60
117
116
115
114
113
112
86
83
85
84
65
64
63
62
61
58
43
44
45
54
55
56
57
67
68
66
69
70
71
72
73
74
75
76
77
78
80
81
82
87
111
110
109
107
103
104
106
105
172
173
170
171
169
168
100
101
102
90
89
108
88
79
93
94
95
96
97
92
91
98
99
167
166
165
164
163
162
161
160
174
159
158
157
176
150
177
