Testcase: tsp_graph/a280.tsp
Time taken: 161058 milliseconds
Total distance: 2823.74
Best tour found:
81
88
89
90
91
97
96
95
94
93
92
79
80
78
77
76
74
75
73
72
71
70
69
66
68
67
56
55
54
53
52
51
50
49
36
35
33
32
31
30
29
124
123
122
121
120
119
118
156
157
158
159
174
160
161
162
184
183
182
181
180
175
176
177
150
151
155
152
154
153
128
129
20
127
126
125
28
27
26
25
21
24
22
23
13
12
14
11
10
9
7
8
6
5
4
3
276
275
274
273
272
271
270
15
16
17
18
19
130
131
132
133
269
268
134
135
136
137
138
148
149
178
179
198
144
143
142
145
146
147
141
140
139
265
266
267
264
263
262
261
260
259
258
277
278
2
279
0
1
241
242
240
243
244
245
239
238
237
236
235
234
232
231
230
229
250
249
246
247
248
255
257
256
253
254
251
252
207
205
204
206
209
208
228
227
226
233
225
224
223
222
221
220
219
218
217
214
213
210
211
212
215
216
203
202
201
199
200
197
196
195
194
193
192
191
190
189
188
187
185
186
163
164
165
166
167
99
98
100
168
101
102
103
104
169
171
170
173
172
105
106
107
108
109
111
87
86
112
110
113
114
116
117
60
59
42
41
40
39
38
34
37
48
47
46
45
44
43
58
57
63
62
61
115
85
64
65
84
83
82
