Testcase: tsp_graph/a280.tsp
Time taken: 159115 milliseconds
Total distance: 2870.69
Best tour found:
199
198
144
143
142
145
146
141
140
139
265
137
138
147
148
149
177
176
150
151
155
152
154
153
128
127
129
20
19
130
131
18
17
132
133
269
134
268
267
135
136
266
264
263
262
261
260
271
272
273
274
275
259
258
257
256
255
254
253
252
251
208
250
249
246
243
244
245
230
229
228
227
226
225
224
222
223
233
234
235
232
231
236
237
238
239
240
242
241
1
0
279
2
278
247
248
277
276
3
4
5
6
8
7
9
10
11
12
13
14
270
15
16
23
22
24
21
25
26
27
28
126
125
29
30
31
32
35
36
37
47
48
49
50
51
52
53
46
45
54
55
44
43
58
56
57
67
68
66
69
70
71
72
73
74
75
76
77
78
80
79
93
94
95
96
97
92
91
98
99
100
168
167
166
165
164
163
162
161
160
174
159
173
172
106
103
104
105
170
171
169
101
102
90
89
88
81
82
87
111
108
107
109
110
113
112
86
83
84
85
115
114
116
64
65
63
62
61
117
60
59
42
41
40
39
38
34
33
124
123
122
121
120
119
118
156
157
158
175
178
179
180
181
182
183
184
185
186
187
188
189
190
191
192
193
194
195
196
197
200
201
211
212
215
216
219
220
221
218
217
214
213
210
209
206
207
205
204
203
202
